TRAIN_RGB/1.png 6 199 15 347 144 2 1.000 128 132 285 283 2 1.000 358 149 512 297 2 1.000 486 208 621 356 2 1.000 548 299 692 445 2 1.000 374 270 518 393 2 1.000 
TRAIN_RGB/2010-12-07-05-26-38_1291641998.png 7 252 128 357 235 2 1.000 544 55 617 134 2 1.000 320 309 416 407 2 1.000 419 375 507 469 2 1.000 146 340 234 430 2 1.000 114 232 205 324 2 1.000 9 296 55 378 2 1.000 
TRAIN_RGB/244sub_travel_9.png 4 208 239 324 313 2 1.000 311 310 395 423 2 1.000 377 350 492 460 2 1.000 594 335 664 422 2 1.000 
TRAIN_RGB/2844-960x960.png 8 80 364 322 590 2 1.000 175 168 415 394 2 1.000 392 140 599 353 2 1.000 540 216 751 437 2 1.000 646 86 792 300 2 1.000 301 333 526 561 2 1.000 105 538 348 679 2 1.000 8 548 152 767 2 1.000 
TRAIN_RGB/2979.png 8 79 331 376 627 2 1.000 159 202 407 408 2 1.000 414 277 672 530 2 1.000 361 152 553 337 2 1.000 649 69 794 205 2 1.000 641 296 790 534 2 1.000 177 573 381 740 2 1.000 9 486 159 715 2 1.000 
TRAIN_RGB/45677.png 4 103 127 373 379 2 1.000 226 264 537 556 2 1.000 463 116 745 417 2 1.000 712 164 901 446 2 1.000 
TRAIN_RGB/47_2.png 5 45 200 228 392 2 1.000 203 187 359 366 2 1.000 288 81 440 249 2 1.000 121 61 293 229 2 1.000 45 40 209 106 2 1.000 
TRAIN_RGB/6104689538_2581252714_b.png 2 448 321 554 438 2 1.000 546 324 641 418 2 1.000 
TRAIN_RGB/74477A.png 6 139 168 283 306 2 1.000 237 66 380 211 2 1.000 314 143 435 264 2 1.000 119 41 266 159 2 1.000 40 186 172 313 2 1.000 149 337 293 455 2 1.000 
TRAIN_RGB/7807503254_9d54ae414f_z.png 7 275 77 422 203 2 1.000 257 194 378 306 2 1.000 368 229 510 364 2 1.000 401 187 499 249 2 1.000 308 300 413 401 2 1.000 83 130 203 248 2 1.000 147 59 260 184 2 1.000 
TRAIN_RGB/860929755-little-switzerland-ripe-condition-apple-tree-apple-fruit.png 4 67 33 199 171 2 1.000 184 64 305 194 2 1.000 288 89 395 202 2 1.000 271 201 407 266 2 1.000 
TRAIN_RGB/905496294_885.png 2 43 159 365 479 2 1.000 347 80 684 419 2 1.000 
TRAIN_RGB/APPLE.png 2 310 208 691 596 2 1.000 55 37 409 413 2 1.000 
TRAIN_RGB/Apple-Tree-With-Green-Apples.png 3 227 292 662 707 2 1.000 585 153 971 537 2 1.000 299 66 695 309 2 1.000 
TRAIN_RGB/Apple_tree_Alamy_3400740b.png 2 117 161 335 350 2 1.000 269 23 474 220 2 1.000 
TRAIN_RGB/Bonsai-tree.png 6 164 149 307 303 2 1.000 309 118 479 278 2 1.000 203 33 363 182 2 1.000 204 295 279 361 2 1.000 42 238 168 361 2 1.000 11 228 70 318 2 1.000 
TRAIN_RGB/CroppedImage910400-golden-delicious-apples-495-400.png 14 339 86 473 244 2 1.000 478 98 584 226 2 1.000 395 6 530 105 2 1.000 176 90 278 189 2 1.000 10 125 75 244 2 1.000 106 295 233 393 2 1.000 255 229 366 337 2 1.000 374 293 498 393 2 1.000 247 348 385 393 2 1.000 594 353 688 395 2 1.000 707 179 837 314 2 1.000 629 53 768 202 2 1.000 289 13 402 129 2 1.000 68 53 120 146 2 1.000 
TRAIN_RGB/Delikates_apple_cultivar.png 6 53 239 441 594 2 1.000 464 300 804 634 2 1.000 784 391 1107 703 2 1.000 478 116 702 341 2 1.000 211 115 505 375 2 1.000 271 465 555 745 2 1.000 
TRAIN_RGB/E12812977-14.png 3 586 319 859 579 2 1.000 220 206 490 472 2 1.000 129 57 357 278 2 1.000 
TRAIN_RGB/Fresh-ripe-apples-on-tree-in-Kasauli.png 19 178 39 255 115 2 1.000 142 88 204 164 2 1.000 221 89 285 156 2 1.000 236 156 308 232 2 1.000 301 182 352 249 2 1.000 267 220 330 285 2 1.000 333 238 395 304 2 1.000 220 282 283 350 2 1.000 190 278 235 340 2 1.000 138 322 197 384 2 1.000 51 233 88 273 2 1.000 26 143 64 190 2 1.000 556 147 596 205 2 1.000 311 319 375 383 2 1.000 148 271 188 308 2 1.000 74 285 112 321 2 1.000 167 244 214 279 2 1.000 334 369 384 410 2 1.000 380 270 428 327 2 1.000 
TRAIN_RGB/Gala-2015-2-1024x768.png 3 311 210 650 544 2 1.000 579 379 719 567 2 1.000 489 524 679 644 2 1.000 
TRAIN_RGB/Golden-Delicious-Apple-1-1024x685.png 5 227 41 382 200 2 1.000 375 63 559 239 2 1.000 328 211 523 378 2 1.000 422 423 593 624 2 1.000 200 455 415 659 2 1.000 
TRAIN_RGB/IMG_0768.png 3 126 254 534 670 2 1.000 575 301 884 602 2 1.000 7 65 124 238 2 1.000 
TRAIN_RGB/IMG_1951.png 8 89 360 302 587 2 1.000 299 367 485 588 2 1.000 420 160 738 505 2 1.000 633 378 865 630 2 1.000 874 636 989 717 2 1.000 8 258 96 360 2 1.000 152 290 232 373 2 1.000 33 520 125 582 2 1.000 
TRAIN_RGB/Mcintosh_Apple_Tree_450_3.png 6 184 44 345 204 2 1.000 98 122 244 273 2 1.000 222 190 373 336 2 1.000 38 259 197 422 2 1.000 200 317 333 430 2 1.000 360 50 447 200 2 1.000 
TRAIN_RGB/PinkLady-apple-tree-23.png 3 547 153 799 430 2 1.000 420 33 651 269 2 1.000 732 291 901 502 2 1.000 
TRAIN_RGB/anna-apple.png 3 67 179 284 385 2 1.000 256 221 419 395 2 1.000 239 137 353 241 2 1.000 
TRAIN_RGB/apple-tree-1.png 6 90 73 302 293 2 1.000 235 171 484 420 2 1.000 327 336 583 567 2 1.000 551 351 776 572 2 1.000 434 87 637 324 2 1.000 268 52 408 117 2 1.000 
TRAIN_RGB/apple-tree-1262424_960_720.png 4 292 295 602 610 2 1.000 574 247 838 538 2 1.000 410 123 705 296 2 1.000 750 151 903 263 2 1.000 
TRAIN_RGB/apple-tree.png 8 423 67 710 293 2 1.000 184 116 403 336 2 1.000 400 358 610 581 2 1.000 584 425 805 668 2 1.000 289 373 470 600 2 1.000 167 533 411 716 2 1.000 103 467 285 626 2 1.000 393 159 538 396 2 1.000 
TRAIN_RGB/apple_tree_green_188c6l8-188c6ne.png 4 169 54 350 232 2 1.000 153 216 350 303 2 1.000 268 7 456 113 2 1.000 326 109 510 303 2 1.000 
TRAIN_RGB/applelele.png 10 49 196 206 376 2 1.000 186 173 318 333 2 1.000 302 216 385 356 2 1.000 380 199 496 345 2 1.000 459 144 593 311 2 1.000 542 69 717 261 2 1.000 393 360 486 460 2 1.000 327 328 408 426 2 1.000 454 417 529 474 2 1.000 6 280 70 356 2 1.000 
TRAIN_RGB/apples-photos--big-green-apples-on-tree--close-up-94309.png 2 87 87 283 307 2 1.000 307 228 505 430 2 1.000 
TRAIN_RGB/bevans3.png 1 158 518 775 1049 2 1.000 
TRAIN_RGB/easy-apple-recipes-for-fall.png 3 81 49 311 216 2 1.000 287 201 507 418 2 1.000 103 316 301 505 2 1.000 
TRAIN_RGB/fruit_apple_apple-tree_wallpaper_apple_07.png 7 365 188 526 347 2 1.000 155 337 301 473 2 1.000 213 502 341 632 2 1.000 469 445 606 598 2 1.000 612 547 741 687 2 1.000 7 427 89 553 2 1.000 800 86 912 207 2 1.000 
TRAIN_RGB/fruit_apple_apple-tree_wallpaper_ea60142.png 5 338 284 577 536 2 1.000 381 534 619 735 2 1.000 755 74 996 276 2 1.000 882 516 1019 723 2 1.000 9 394 210 680 2 1.000 
TRAIN_RGB/golden-delicious-apples-495-400.png 17 7 163 42 224 2 1.000 98 141 149 192 2 1.000 183 141 258 223 2 1.000 215 66 285 148 2 1.000 268 36 349 99 2 1.000 259 148 319 214 2 1.000 318 171 360 216 2 1.000 386 190 457 264 2 1.000 322 285 374 342 2 1.000 197 252 274 336 2 1.000 135 281 212 375 2 1.000 58 252 125 323 2 1.000 134 215 205 279 2 1.000 157 99 212 163 2 1.000 223 318 277 372 2 1.000 333 345 391 384 2 1.000 338 119 422 202 2 1.000 
TRAIN_RGB/granny-smith-apples.png 3 23 201 232 396 2 1.000 687 77 901 276 2 1.000 472 234 664 418 2 1.000 
TRAIN_RGB/green-apple-tree.png 5 547 154 828 446 2 1.000 348 274 635 551 2 1.000 592 406 864 680 2 1.000 405 528 657 743 2 1.000 736 526 977 778 2 1.000 
TRAIN_RGB/green_app.png 10 165 108 331 261 2 1.000 450 195 596 345 2 1.000 624 281 756 385 2 1.000 697 312 851 477 2 1.000 812 275 940 427 2 1.000 348 351 467 480 2 1.000 185 442 310 569 2 1.000 265 248 356 346 2 1.000 468 551 577 669 2 1.000 556 589 668 687 2 1.000 
TRAIN_RGB/img_2017.png 3 310 137 566 394 2 1.000 348 369 625 644 2 1.000 215 336 401 591 2 1.000 
TRAIN_RGB/img_6237.png 11 622 312 792 496 2 1.000 468 358 642 528 2 1.000 479 517 665 707 2 1.000 712 482 851 692 2 1.000 190 409 278 482 2 1.000 120 377 202 458 2 1.000 134 446 216 529 2 1.000 96 120 198 223 2 1.000 113 67 224 144 2 1.000 183 95 266 184 2 1.000 446 311 530 387 2 1.000 
TRAIN_RGB/img_6479-001-e1378168705770.png 1 266 179 711 555 2 1.000 
TRAIN_RGB/prune_my_wild_apple_trees.png 18 87 179 206 305 2 1.000 170 244 244 357 2 1.000 244 204 348 323 2 1.000 325 225 437 349 2 1.000 314 335 454 456 2 1.000 254 302 355 396 2 1.000 106 403 223 537 2 1.000 8 414 129 545 2 1.000 32 524 142 645 2 1.000 277 485 419 636 2 1.000 396 416 519 538 2 1.000 476 381 544 509 2 1.000 471 150 548 273 2 1.000 424 60 544 161 2 1.000 45 62 158 123 2 1.000 61 119 176 194 2 1.000 52 288 165 363 2 1.000 207 420 288 539 2 1.000 
TRAIN_RGB/static1.png 2 200 167 403 367 2 1.000 91 46 286 237 2 1.000 
TRAIN_RGB/stockvault-green-apples100101.png 4 283 302 507 550 2 1.000 49 338 316 608 2 1.000 604 188 779 363 2 1.000 876 29 996 124 2 1.000 
TRAIN_RGB/sturmer-pippins.png 4 23 103 501 553 2 1.000 344 418 684 835 2 1.000 608 449 1145 929 2 1.000 1064 553 1579 1065 2 1.000 
TRAIN_RGB/tc_0048-1.png 9 256 86 466 281 2 1.000 516 193 717 379 2 1.000 250 320 468 488 2 1.000 160 474 370 690 2 1.000 8 604 171 765 2 1.000 550 518 647 637 2 1.000 587 599 691 705 2 1.000 632 505 720 615 2 1.000 679 490 774 601 2 1.000 
TRAIN_RGB/the-apple-tree-thumb.png 1 52 59 242 246 2 1.000 
TRAIN_RGB/urban-apple-tree.png 7 108 47 287 221 2 1.000 65 199 208 348 2 1.000 75 340 240 508 2 1.000 225 255 345 420 2 1.000 252 137 356 278 2 1.000 6 447 118 524 2 1.000 195 435 301 526 2 1.000