TRAIN_RGB/n12761284_10106.png 28 246 98 287 140 2 1.000 226 67 262 101 2 1.000 209 48 244 80 2 1.000 206 78 242 114 2 1.000 182 99 220 138 2 1.000 138 136 175 178 2 1.000 54 105 88 145 2 1.000 281 140 318 178 2 1.000 283 122 320 149 2 1.000 300 101 333 136 2 1.000 320 126 350 146 2 1.000 197 156 222 186 2 1.000 187 182 223 219 2 1.000 167 192 199 226 2 1.000 130 197 167 232 2 1.000 106 214 143 252 2 1.000 115 270 151 308 2 1.000 255 284 292 318 2 1.000 337 332 369 360 2 1.000 367 329 402 361 2 1.000 395 278 434 320 2 1.000 437 226 475 261 2 1.000 473 257 498 294 2 1.000 15 145 47 172 2 1.000 27 163 52 198 2 1.000 46 128 83 156 2 1.000 216 262 237 287 2 1.000 222 285 244 310 2 1.000 
TRAIN_RGB/n12761284_10405.png 11 129 127 159 159 2 1.000 143 117 171 146 2 1.000 204 206 231 238 2 1.000 208 191 238 219 2 1.000 302 178 329 212 2 1.000 313 136 341 168 2 1.000 351 89 373 118 2 1.000 406 184 437 213 2 1.000 398 205 424 236 2 1.000 450 212 477 247 2 1.000 121 155 141 185 2 1.000 
TRAIN_RGB/n12761284_1060.png 4 212 50 260 119 2 1.000 350 199 380 245 2 1.000 350 254 374 295 2 1.000 271 34 307 56 2 1.000 
TRAIN_RGB/n12761284_10809.png 6 76 155 119 214 2 1.000 83 224 116 280 2 1.000 190 195 230 258 2 1.000 236 176 279 238 2 1.000 256 121 292 179 2 1.000 186 321 237 361 2 1.000 
TRAIN_RGB/n12761284_10893.png 2 149 15 306 175 2 1.000 234 131 385 298 2 1.000 
TRAIN_RGB/n12761284_1119.png 3 190 182 324 334 2 1.000 238 87 352 210 2 1.000 185 67 287 160 2 1.000 
TRAIN_RGB/n12761284_11344.png 2 169 279 251 375 2 1.000 308 197 370 272 2 1.000 
TRAIN_RGB/n12761284_11504.png 1 141 124 274 243 2 1.000 
TRAIN_RGB/n12761284_11565.png 1 218 153 289 241 2 1.000 
TRAIN_RGB/n12761284_11779.png 7 104 54 134 105 2 1.000 111 154 141 204 2 1.000 101 164 128 209 2 1.000 159 150 194 181 2 1.000 188 152 221 201 2 1.000 282 97 314 150 2 1.000 399 216 456 301 2 1.000 
TRAIN_RGB/n12761284_12137.png 8 130 203 163 235 2 1.000 90 218 120 247 2 1.000 327 138 361 169 2 1.000 414 131 444 162 2 1.000 418 160 448 188 2 1.000 180 238 210 269 2 1.000 53 256 80 281 2 1.000 50 303 73 326 2 1.000 
TRAIN_RGB/n12761284_12371.png 2 43 81 248 347 2 1.000 226 56 412 299 2 1.000 
TRAIN_RGB/n12761284_12495.png 4 131 164 250 298 2 1.000 164 77 241 157 2 1.000 123 145 195 204 2 1.000 202 375 272 469 2 1.000 
TRAIN_RGB/n12761284_12507.png 7 109 256 220 384 2 1.000 31 284 123 392 2 1.000 85 346 183 453 2 1.000 215 94 300 196 2 1.000 291 122 368 204 2 1.000 53 104 138 212 2 1.000 32 45 117 112 2 1.000 
TRAIN_RGB/n12761284_12725.png 8 209 281 282 364 2 1.000 261 275 311 343 2 1.000 117 171 166 226 2 1.000 118 209 187 264 2 1.000 148 145 206 208 2 1.000 87 154 131 218 2 1.000 86 101 140 160 2 1.000 136 112 188 155 2 1.000 
TRAIN_RGB/n12761284_12973.png 6 386 124 419 167 2 1.000 367 133 394 171 2 1.000 216 195 243 230 2 1.000 187 259 220 300 2 1.000 187 305 208 334 2 1.000 137 127 159 158 2 1.000 
TRAIN_RGB/n12761284_13001.png 13 174 184 223 234 2 1.000 123 178 166 235 2 1.000 166 251 206 297 2 1.000 125 289 153 326 2 1.000 95 272 129 309 2 1.000 109 315 139 352 2 1.000 174 86 211 134 2 1.000 149 69 174 121 2 1.000 342 138 372 173 2 1.000 361 92 393 127 2 1.000 441 81 469 117 2 1.000 467 49 498 90 2 1.000 77 342 108 360 2 1.000 
TRAIN_RGB/n12761284_13066.png 6 234 155 302 253 2 1.000 283 179 346 272 2 1.000 168 196 248 294 2 1.000 234 107 317 183 2 1.000 143 144 200 198 2 1.000 133 181 176 244 2 1.000 
TRAIN_RGB/n12761284_13109.png 3 201 128 368 307 2 1.000 131 46 260 177 2 1.000 73 114 212 301 2 1.000 
TRAIN_RGB/n12761284_13271.png 4 108 154 222 282 2 1.000 283 37 482 287 2 1.000 128 111 218 180 2 1.000 105 247 176 312 2 1.000 
TRAIN_RGB/n12761284_13638.png 18 6 49 38 108 2 1.000 112 167 165 226 2 1.000 143 142 185 189 2 1.000 175 145 203 188 2 1.000 189 115 236 164 2 1.000 242 143 286 193 2 1.000 267 84 308 131 2 1.000 290 172 330 217 2 1.000 402 173 448 221 2 1.000 332 123 372 166 2 1.000 307 137 341 173 2 1.000 315 96 352 136 2 1.000 299 106 339 145 2 1.000 255 289 295 331 2 1.000 236 329 282 358 2 1.000 267 330 302 361 2 1.000 371 33 415 57 2 1.000 364 41 403 78 2 1.000 
TRAIN_RGB/n12761284_13684.png 16 176 147 227 207 2 1.000 131 156 178 206 2 1.000 126 117 157 154 2 1.000 166 33 216 81 2 1.000 272 94 326 147 2 1.000 329 160 375 218 2 1.000 319 209 358 256 2 1.000 269 249 321 305 2 1.000 221 260 261 300 2 1.000 227 289 269 317 2 1.000 323 296 355 336 2 1.000 426 294 469 337 2 1.000 463 261 497 306 2 1.000 464 296 499 329 2 1.000 454 241 494 271 2 1.000 442 199 488 238 2 1.000 
TRAIN_RGB/n12761284_13711.png 5 33 214 96 305 2 1.000 89 279 162 374 2 1.000 274 351 339 439 2 1.000 253 253 307 340 2 1.000 228 203 279 280 2 1.000 
TRAIN_RGB/n12761284_14326.png 9 209 81 236 117 2 1.000 188 236 217 271 2 1.000 199 268 225 294 2 1.000 128 241 154 276 2 1.000 245 268 266 299 2 1.000 264 266 289 298 2 1.000 287 258 312 287 2 1.000 286 286 308 317 2 1.000 302 36 326 68 2 1.000 
TRAIN_RGB/n12761284_1456.png 14 353 284 462 430 2 1.000 278 249 385 375 2 1.000 253 334 346 466 2 1.000 169 94 272 234 2 1.000 366 68 454 124 2 1.000 532 70 641 227 2 1.000 537 197 652 299 2 1.000 609 304 720 456 2 1.000 504 413 597 555 2 1.000 413 567 504 721 2 1.000 348 559 435 710 2 1.000 659 185 762 313 2 1.000 640 89 727 221 2 1.000 746 69 838 149 2 1.000 
TRAIN_RGB/n12761284_14775.png 2 156 238 200 282 2 1.000 265 214 313 264 2 1.000 
TRAIN_RGB/n12761284_14778.png 3 68 111 246 279 2 1.000 213 135 368 269 2 1.000 208 226 376 360 2 1.000 
TRAIN_RGB/n12761284_14810.png 5 85 129 216 287 2 1.000 200 136 336 287 2 1.000 145 253 284 397 2 1.000 69 326 198 478 2 1.000 50 153 111 319 2 1.000 
TRAIN_RGB/n12761284_14868.png 3 215 171 390 375 2 1.000 372 165 541 327 2 1.000 514 331 694 564 2 1.000 
TRAIN_RGB/n12761284_15049.png 2 229 85 314 196 2 1.000 263 251 311 316 2 1.000 
TRAIN_RGB/n12761284_15364.png 11 882 613 1041 814 2 1.000 1089 366 1231 518 2 1.000 1293 478 1430 639 2 1.000 1095 886 1256 1064 2 1.000 1137 1011 1282 1142 2 1.000 828 844 965 999 2 1.000 756 929 891 1099 2 1.000 297 999 441 1164 2 1.000 340 1313 471 1459 2 1.000 33 1037 157 1200 2 1.000 181 788 324 932 2 1.000 
TRAIN_RGB/n12761284_1554.png 1 252 131 295 182 2 1.000 
TRAIN_RGB/n12761284_16101.png 15 201 49 242 97 2 1.000 174 45 210 94 2 1.000 117 42 175 82 2 1.000 139 71 197 132 2 1.000 139 129 189 174 2 1.000 71 208 128 268 2 1.000 151 210 202 265 2 1.000 191 212 256 263 2 1.000 167 380 219 434 2 1.000 211 393 253 448 2 1.000 128 397 175 447 2 1.000 78 375 124 429 2 1.000 96 415 150 465 2 1.000 147 437 193 479 2 1.000 117 368 152 407 2 1.000 
TRAIN_RGB/n12761284_1611.png 2 343 134 598 471 2 1.000 148 539 389 840 2 1.000 
TRAIN_RGB/n12761284_16365.png 2 59 110 218 302 2 1.000 136 204 272 397 2 1.000 
TRAIN_RGB/n12761284_1656.png 6 405 243 527 386 2 1.000 499 286 626 437 2 1.000 481 162 599 293 2 1.000 428 492 547 651 2 1.000 405 430 535 519 2 1.000 257 397 373 540 2 1.000 
TRAIN_RGB/n12761284_16916.png 5 129 110 176 187 2 1.000 197 177 253 282 2 1.000 244 180 293 275 2 1.000 319 239 379 332 2 1.000 201 144 265 194 2 1.000 
TRAIN_RGB/n12761284_1692.png 2 216 128 269 193 2 1.000 200 182 247 260 2 1.000 
TRAIN_RGB/n12761284_16940.png 8 6 328 34 361 2 1.000 112 286 148 317 2 1.000 149 348 179 383 2 1.000 170 339 201 373 2 1.000 256 367 288 400 2 1.000 82 409 115 445 2 1.000 125 193 156 213 2 1.000 6 81 29 120 2 1.000 
TRAIN_RGB/n12761284_16961.png 5 167 123 282 259 2 1.000 269 175 356 306 2 1.000 193 270 313 359 2 1.000 79 200 208 358 2 1.000 202 34 312 147 2 1.000 
TRAIN_RGB/n12761284_16964.png 1 223 118 300 193 2 1.000 
TRAIN_RGB/n12761284_17178.png 2 224 155 268 199 2 1.000 254 199 287 241 2 1.000 
TRAIN_RGB/n12761284_17283.png 1 198 163 305 285 2 1.000 
TRAIN_RGB/n12761284_17506.png 4 165 146 203 196 2 1.000 191 185 225 239 2 1.000 174 190 211 256 2 1.000 337 244 390 327 2 1.000 
TRAIN_RGB/n12761284_17747.png 2 261 142 360 276 2 1.000 141 97 236 208 2 1.000 
TRAIN_RGB/n12761284_17818.png 34 13 33 55 84 2 1.000 49 77 92 135 2 1.000 40 114 75 159 2 1.000 55 34 88 64 2 1.000 47 282 88 327 2 1.000 209 51 257 112 2 1.000 257 30 299 88 2 1.000 234 122 283 167 2 1.000 202 143 254 194 2 1.000 253 150 292 196 2 1.000 255 186 317 234 2 1.000 218 196 265 253 2 1.000 188 242 238 305 2 1.000 181 218 222 252 2 1.000 178 190 211 231 2 1.000 178 107 204 150 2 1.000 134 120 178 176 2 1.000 154 159 208 199 2 1.000 327 109 371 164 2 1.000 307 125 345 176 2 1.000 339 185 379 237 2 1.000 315 200 347 237 2 1.000 376 193 414 241 2 1.000 388 250 420 297 2 1.000 305 247 345 290 2 1.000 338 301 377 343 2 1.000 314 313 349 357 2 1.000 362 300 398 353 2 1.000 383 293 425 350 2 1.000 449 224 483 275 2 1.000 436 182 474 229 2 1.000 441 133 472 182 2 1.000 469 127 498 187 2 1.000 397 107 438 152 2 1.000 
TRAIN_RGB/n12761284_17821.png 12 94 168 118 197 2 1.000 59 148 84 173 2 1.000 163 108 185 135 2 1.000 217 104 245 132 2 1.000 204 91 225 118 2 1.000 275 128 304 151 2 1.000 287 146 310 168 2 1.000 303 139 328 165 2 1.000 276 209 306 243 2 1.000 260 224 285 252 2 1.000 217 259 241 284 2 1.000 95 193 118 216 2 1.000 
TRAIN_RGB/n12761284_17925.png 15 37 249 107 357 2 1.000 18 209 83 290 2 1.000 81 153 137 240 2 1.000 106 95 165 190 2 1.000 131 160 174 206 2 1.000 177 98 247 212 2 1.000 154 33 224 112 2 1.000 225 34 297 133 2 1.000 247 142 307 242 2 1.000 243 220 310 313 2 1.000 133 236 188 304 2 1.000 323 59 402 157 2 1.000 369 120 445 227 2 1.000 279 32 341 116 2 1.000 419 117 455 175 2 1.000 
TRAIN_RGB/n12761284_1796.png 7 233 154 292 228 2 1.000 218 13 293 93 2 1.000 56 193 123 273 2 1.000 115 206 171 291 2 1.000 35 139 98 203 2 1.000 90 175 146 222 2 1.000 27 46 74 106 2 1.000 
TRAIN_RGB/n12761284_18160.png 9 115 198 154 252 2 1.000 145 259 185 296 2 1.000 271 67 337 155 2 1.000 291 150 331 203 2 1.000 216 43 257 92 2 1.000 177 41 217 100 2 1.000 105 62 151 118 2 1.000 130 380 169 424 2 1.000 131 422 169 465 2 1.000 
TRAIN_RGB/n12761284_2068.png 8 221 295 287 378 2 1.000 151 259 223 341 2 1.000 119 345 183 428 2 1.000 6 417 67 476 2 1.000 25 70 81 126 2 1.000 70 45 124 110 2 1.000 115 44 155 93 2 1.000 7 120 50 177 2 1.000 
TRAIN_RGB/n12761284_2269.png 23 174 98 213 137 2 1.000 148 86 182 120 2 1.000 260 112 298 155 2 1.000 292 124 330 171 2 1.000 326 170 365 216 2 1.000 300 187 342 226 2 1.000 334 204 374 241 2 1.000 317 234 355 283 2 1.000 274 205 312 241 2 1.000 278 184 307 213 2 1.000 230 196 258 225 2 1.000 405 52 439 85 2 1.000 388 79 412 108 2 1.000 401 89 431 125 2 1.000 396 140 420 170 2 1.000 379 140 401 178 2 1.000 265 148 296 177 2 1.000 61 251 88 278 2 1.000 86 257 110 287 2 1.000 151 282 175 310 2 1.000 196 247 221 275 2 1.000 97 204 121 230 2 1.000 151 66 179 94 2 1.000 
TRAIN_RGB/n12761284_2653.png 3 214 146 342 278 2 1.000 309 137 409 271 2 1.000 207 50 324 150 2 1.000 
TRAIN_RGB/n12761284_2679.png 13 303 135 336 175 2 1.000 324 48 352 80 2 1.000 269 20 301 50 2 1.000 240 204 269 244 2 1.000 250 236 284 267 2 1.000 318 256 354 296 2 1.000 402 250 437 292 2 1.000 424 229 460 265 2 1.000 179 191 207 228 2 1.000 168 178 197 195 2 1.000 82 13 117 31 2 1.000 49 244 78 275 2 1.000 23 274 54 312 2 1.000 
TRAIN_RGB/n12761284_2720.png 5 57 151 144 278 2 1.000 136 202 207 313 2 1.000 327 195 413 307 2 1.000 190 43 287 146 2 1.000 207 128 300 240 2 1.000 
TRAIN_RGB/n12761284_2764.png 2 135 130 257 262 2 1.000 251 110 385 249 2 1.000 
TRAIN_RGB/n12761284_2801.png 9 79 47 141 125 2 1.000 30 92 85 168 2 1.000 37 154 92 210 2 1.000 138 179 181 230 2 1.000 112 216 155 270 2 1.000 169 351 206 392 2 1.000 232 157 280 210 2 1.000 253 113 305 188 2 1.000 276 90 324 155 2 1.000 
TRAIN_RGB/n12761284_2819.png 1 91 94 188 228 2 1.000 
TRAIN_RGB/n12761284_283.png 4 102 254 163 337 2 1.000 147 276 223 364 2 1.000 391 313 462 393 2 1.000 387 262 450 329 2 1.000 
TRAIN_RGB/n12761284_2916.png 4 105 54 250 223 2 1.000 208 131 330 304 2 1.000 302 212 367 362 2 1.000 240 45 339 175 2 1.000 
TRAIN_RGB/n12761284_296.png 6 251 91 286 134 2 1.000 163 166 194 220 2 1.000 37 222 67 274 2 1.000 11 263 35 299 2 1.000 344 276 378 331 2 1.000 229 19 267 58 2 1.000 
TRAIN_RGB/n12761284_2968.png 6 156 111 228 204 2 1.000 175 184 243 273 2 1.000 127 222 186 304 2 1.000 81 179 137 243 2 1.000 79 276 165 383 2 1.000 129 124 166 165 2 1.000 
TRAIN_RGB/n12761284_3261.png 6 64 248 140 348 2 1.000 130 255 211 356 2 1.000 230 200 300 280 2 1.000 328 142 413 235 2 1.000 322 217 390 303 2 1.000 382 168 447 258 2 1.000 
TRAIN_RGB/n12761284_3395.png 9 433 189 476 249 2 1.000 390 221 429 257 2 1.000 263 208 294 249 2 1.000 224 200 266 247 2 1.000 253 239 278 266 2 1.000 222 261 259 313 2 1.000 253 295 292 331 2 1.000 120 305 158 331 2 1.000 93 278 131 323 2 1.000 
TRAIN_RGB/n12761284_3409.png 4 528 219 591 317 2 1.000 421 283 489 388 2 1.000 253 601 311 720 2 1.000 428 887 506 992 2 1.000 
TRAIN_RGB/n12761284_3431.png 2 286 1073 495 1320 2 1.000 276 1480 478 1745 2 1.000 
TRAIN_RGB/n12761284_3484.png 1 104 234 272 479 2 1.000 
TRAIN_RGB/n12761284_3668.png 4 119 136 171 196 2 1.000 102 157 152 227 2 1.000 185 339 244 409 2 1.000 210 419 270 479 2 1.000 
TRAIN_RGB/n12761284_3687.png 1 353 32 442 147 2 1.000 
TRAIN_RGB/n12761284_3764.png 1 94 143 174 253 2 1.000 
TRAIN_RGB/n12761284_3803.png 4 216 100 287 165 2 1.000 189 136 244 205 2 1.000 402 136 458 212 2 1.000 415 198 468 261 2 1.000 
TRAIN_RGB/n12761284_3938.png 2 93 141 301 342 2 1.000 300 33 439 172 2 1.000 
TRAIN_RGB/n12761284_3963.png 16 174 21 196 51 2 1.000 258 100 279 130 2 1.000 319 171 344 203 2 1.000 279 225 306 265 2 1.000 230 154 253 190 2 1.000 218 159 240 195 2 1.000 95 66 119 99 2 1.000 107 213 128 247 2 1.000 128 228 152 259 2 1.000 128 268 149 298 2 1.000 172 248 193 279 2 1.000 154 309 180 328 2 1.000 296 313 325 332 2 1.000 229 83 253 110 2 1.000 120 174 141 200 2 1.000 81 115 98 146 2 1.000 
TRAIN_RGB/n12761284_4022.png 1 270 208 297 251 2 1.000 
TRAIN_RGB/n12761284_4318.png 4 157 82 240 237 2 1.000 88 138 158 273 2 1.000 66 270 143 414 2 1.000 123 282 216 425 2 1.000 
TRAIN_RGB/n12761284_4360.png 8 93 252 144 318 2 1.000 129 275 178 339 2 1.000 164 259 211 323 2 1.000 372 247 433 311 2 1.000 292 232 345 281 2 1.000 316 179 362 241 2 1.000 181 234 234 283 2 1.000 167 198 216 236 2 1.000 
TRAIN_RGB/n12761284_4480.png 5 147 157 216 240 2 1.000 180 103 287 204 2 1.000 224 48 323 154 2 1.000 272 121 378 252 2 1.000 274 229 384 324 2 1.000 
TRAIN_RGB/n12761284_4543.png 11 81 45 198 97 2 1.000 175 104 256 182 2 1.000 245 118 297 191 2 1.000 31 239 107 322 2 1.000 160 280 252 390 2 1.000 164 377 249 478 2 1.000 214 331 294 432 2 1.000 222 248 297 336 2 1.000 287 227 358 294 2 1.000 244 207 301 260 2 1.000 172 251 228 293 2 1.000 
TRAIN_RGB/n12761284_4711.png 2 187 149 269 241 2 1.000 257 177 300 275 2 1.000 
TRAIN_RGB/n12761284_5030.png 2 90 73 211 243 2 1.000 294 84 431 240 2 1.000 
TRAIN_RGB/n12761284_5059.png 6 263 198 311 258 2 1.000 302 215 336 251 2 1.000 126 183 182 248 2 1.000 67 227 124 290 2 1.000 37 249 77 304 2 1.000 75 195 125 236 2 1.000 
TRAIN_RGB/n12761284_515.png 1 196 81 384 320 2 1.000 
TRAIN_RGB/n12761284_5450.png 9 204 129 277 210 2 1.000 236 195 313 269 2 1.000 175 193 241 266 2 1.000 167 239 236 320 2 1.000 112 166 183 250 2 1.000 50 98 133 168 2 1.000 43 150 111 225 2 1.000 266 45 343 86 2 1.000 6 385 63 463 2 1.000 
TRAIN_RGB/n12761284_5534.png 11 9 154 115 274 2 1.000 86 118 177 207 2 1.000 117 193 187 294 2 1.000 53 253 133 310 2 1.000 234 281 309 376 2 1.000 213 426 302 477 2 1.000 135 421 225 479 2 1.000 171 161 236 272 2 1.000 185 109 274 201 2 1.000 232 47 314 151 2 1.000 154 44 244 115 2 1.000 
TRAIN_RGB/n12761284_5633.png 26 277 115 307 146 2 1.000 244 152 270 183 2 1.000 219 173 244 208 2 1.000 201 160 223 187 2 1.000 208 217 232 247 2 1.000 211 241 236 269 2 1.000 110 245 140 275 2 1.000 93 300 120 331 2 1.000 54 215 81 247 2 1.000 40 193 67 221 2 1.000 64 187 88 215 2 1.000 137 146 160 176 2 1.000 174 321 202 352 2 1.000 366 263 396 299 2 1.000 374 229 397 259 2 1.000 399 228 426 261 2 1.000 395 255 425 276 2 1.000 411 207 435 239 2 1.000 434 203 459 238 2 1.000 470 242 496 271 2 1.000 452 262 480 289 2 1.000 472 292 493 324 2 1.000 425 326 453 357 2 1.000 85 142 111 173 2 1.000 247 239 268 269 2 1.000 422 95 442 124 2 1.000 
TRAIN_RGB/n12761284_5832.png 5 462 228 528 308 2 1.000 427 259 493 346 2 1.000 425 201 477 269 2 1.000 210 132 255 219 2 1.000 166 129 218 211 2 1.000 
TRAIN_RGB/n12761284_5916.png 7 282 123 358 210 2 1.000 281 211 349 305 2 1.000 129 254 215 355 2 1.000 112 150 186 244 2 1.000 177 135 241 219 2 1.000 75 87 116 173 2 1.000 123 33 176 98 2 1.000 
TRAIN_RGB/n12761284_6160.png 1 79 113 158 193 2 1.000 
TRAIN_RGB/n12761284_646.png 23 77 320 103 347 2 1.000 54 345 89 375 2 1.000 40 338 66 362 2 1.000 23 365 50 397 2 1.000 12 391 43 423 2 1.000 67 366 93 400 2 1.000 27 249 55 279 2 1.000 173 217 205 251 2 1.000 206 278 235 309 2 1.000 212 184 249 226 2 1.000 220 123 252 156 2 1.000 242 81 269 115 2 1.000 146 106 177 140 2 1.000 121 78 157 117 2 1.000 123 43 163 79 2 1.000 89 96 127 139 2 1.000 121 154 147 188 2 1.000 182 150 209 178 2 1.000 314 184 342 213 2 1.000 297 203 329 238 2 1.000 335 188 365 223 2 1.000 331 270 360 308 2 1.000 147 229 181 261 2 1.000 
TRAIN_RGB/n12761284_6471.png 1 153 50 338 328 2 1.000 
TRAIN_RGB/n12761284_6485.png 9 168 126 215 192 2 1.000 139 164 176 215 2 1.000 135 137 172 170 2 1.000 246 127 283 182 2 1.000 240 180 275 237 2 1.000 268 173 308 235 2 1.000 275 142 311 194 2 1.000 251 100 289 149 2 1.000 323 150 348 183 2 1.000 
TRAIN_RGB/n12761284_6492.png 4 182 234 266 335 2 1.000 108 245 195 353 2 1.000 197 130 293 229 2 1.000 258 85 350 170 2 1.000 
TRAIN_RGB/n12761284_6541.png 6 186 162 266 261 2 1.000 154 263 211 348 2 1.000 125 333 200 454 2 1.000 95 206 160 278 2 1.000 140 143 177 190 2 1.000 201 247 262 315 2 1.000 
TRAIN_RGB/n12761284_671.png 2 95 46 291 242 2 1.000 258 130 442 308 2 1.000 
TRAIN_RGB/n12761284_673.png 17 190 771 291 883 2 1.000 65 824 158 936 2 1.000 50 767 131 860 2 1.000 21 726 106 784 2 1.000 29 452 106 562 2 1.000 382 704 452 793 2 1.000 495 992 558 1061 2 1.000 579 624 650 696 2 1.000 663 404 728 470 2 1.000 656 329 718 407 2 1.000 702 358 751 427 2 1.000 595 311 648 387 2 1.000 434 361 499 429 2 1.000 637 708 686 753 2 1.000 660 485 706 544 2 1.000 230 351 287 410 2 1.000 73 416 156 506 2 1.000 
TRAIN_RGB/n12761284_6763.png 1 197 215 244 269 2 1.000 
TRAIN_RGB/n12761284_6834.png 11 78 282 128 334 2 1.000 109 271 144 304 2 1.000 159 245 208 294 2 1.000 65 141 109 186 2 1.000 30 152 74 196 2 1.000 129 152 171 198 2 1.000 154 179 201 227 2 1.000 215 134 256 185 2 1.000 252 116 299 162 2 1.000 253 151 286 191 2 1.000 295 308 333 349 2 1.000 
TRAIN_RGB/n12761284_6836.png 1 185 70 304 224 2 1.000 
TRAIN_RGB/n12761284_7177.png 14 45 226 83 262 2 1.000 84 227 120 281 2 1.000 115 242 143 294 2 1.000 86 201 121 240 2 1.000 194 178 226 227 2 1.000 248 91 282 136 2 1.000 297 81 324 119 2 1.000 316 111 346 145 2 1.000 382 86 414 128 2 1.000 396 124 431 162 2 1.000 427 78 448 113 2 1.000 442 83 467 117 2 1.000 434 54 461 89 2 1.000 448 48 476 85 2 1.000 
TRAIN_RGB/n12761284_7273.png 1 158 112 346 350 2 1.000 
TRAIN_RGB/n12761284_7285.png 1 154 86 331 319 2 1.000 
TRAIN_RGB/n12761284_7410.png 15 126 31 168 74 2 1.000 148 59 182 102 2 1.000 138 87 177 138 2 1.000 217 33 254 77 2 1.000 163 204 191 236 2 1.000 171 227 199 256 2 1.000 195 251 227 299 2 1.000 204 217 241 255 2 1.000 202 194 234 221 2 1.000 236 228 271 273 2 1.000 293 209 325 259 2 1.000 331 246 366 292 2 1.000 384 204 422 246 2 1.000 404 273 440 325 2 1.000 477 173 496 231 2 1.000 
TRAIN_RGB/n12761284_7578.png 9 198 85 261 164 2 1.000 223 148 283 223 2 1.000 211 198 262 278 2 1.000 180 144 233 221 2 1.000 236 277 288 353 2 1.000 206 312 263 394 2 1.000 172 324 220 400 2 1.000 215 377 269 451 2 1.000 176 379 224 436 2 1.000 
TRAIN_RGB/n12761284_7580.png 1 61 43 302 333 2 1.000 
TRAIN_RGB/n12761284_7581.png 3 69 180 176 282 2 1.000 165 179 249 306 2 1.000 363 34 465 133 2 1.000 
TRAIN_RGB/n12761284_7685.png 2 185 110 367 351 2 1.000 292 35 443 207 2 1.000 
TRAIN_RGB/n12761284_7694.png 1 50 92 201 331 2 1.000 
TRAIN_RGB/n12761284_7718.png 4 134 106 198 167 2 1.000 64 184 106 236 2 1.000 95 206 139 257 2 1.000 96 282 137 330 2 1.000 
TRAIN_RGB/n12761284_7756.png 11 328 192 368 241 2 1.000 314 65 353 113 2 1.000 189 100 223 146 2 1.000 137 149 177 194 2 1.000 166 175 207 222 2 1.000 192 213 236 262 2 1.000 227 269 260 302 2 1.000 198 321 242 361 2 1.000 127 256 167 297 2 1.000 278 260 308 295 2 1.000 227 303 259 333 2 1.000 
TRAIN_RGB/n12761284_8013.png 4 182 119 261 219 2 1.000 185 201 254 285 2 1.000 158 259 240 358 2 1.000 114 204 196 309 2 1.000 
TRAIN_RGB/n12761284_8074.png 7 89 137 136 196 2 1.000 113 108 147 160 2 1.000 157 67 198 109 2 1.000 253 189 291 242 2 1.000 276 349 329 412 2 1.000 288 425 332 481 2 1.000 6 202 46 266 2 1.000 
TRAIN_RGB/n12761284_8193.png 5 128 164 198 256 2 1.000 189 173 251 261 2 1.000 220 253 287 341 2 1.000 138 244 203 320 2 1.000 148 325 192 390 2 1.000 
TRAIN_RGB/n12761284_8201.png 4 29 208 147 397 2 1.000 147 242 240 363 2 1.000 232 224 350 453 2 1.000 140 344 244 476 2 1.000 
TRAIN_RGB/n12761284_8382.png 10 40 44 117 113 2 1.000 89 71 154 166 2 1.000 97 171 154 236 2 1.000 149 224 219 293 2 1.000 83 295 150 377 2 1.000 187 327 256 409 2 1.000 154 394 231 478 2 1.000 182 299 246 343 2 1.000 64 103 100 165 2 1.000 115 46 187 95 2 1.000 
TRAIN_RGB/n12761284_8383.png 4 158 19 212 78 2 1.000 143 56 192 109 2 1.000 230 227 284 296 2 1.000 256 302 316 330 2 1.000 
TRAIN_RGB/n12761284_8410.png 9 8 82 59 151 2 1.000 222 100 262 152 2 1.000 122 264 168 322 2 1.000 91 276 131 325 2 1.000 264 241 324 320 2 1.000 328 302 373 361 2 1.000 294 462 344 482 2 1.000 6 423 31 475 2 1.000 332 44 369 79 2 1.000 
TRAIN_RGB/n12761284_8476.png 3 362 121 399 173 2 1.000 391 137 447 218 2 1.000 108 256 160 311 2 1.000 
TRAIN_RGB/n12761284_8587.png 6 49 18 129 159 2 1.000 86 92 172 237 2 1.000 94 230 165 310 2 1.000 162 38 261 195 2 1.000 248 29 351 205 2 1.000 324 15 403 137 2 1.000 
TRAIN_RGB/n12761284_8602.png 11 152 78 180 108 2 1.000 172 46 195 74 2 1.000 203 112 231 143 2 1.000 238 124 266 147 2 1.000 138 163 165 191 2 1.000 250 154 274 180 2 1.000 339 260 360 285 2 1.000 375 244 398 271 2 1.000 254 134 277 159 2 1.000 392 289 414 316 2 1.000 128 308 149 328 2 1.000 
TRAIN_RGB/n12761284_8659.png 1 123 166 251 322 2 1.000 
TRAIN_RGB/n12761284_8735.png 4 164 203 252 306 2 1.000 215 161 278 242 2 1.000 160 154 218 222 2 1.000 183 78 272 169 2 1.000 
TRAIN_RGB/n12761284_8800.png 4 242 238 342 346 2 1.000 125 369 210 464 2 1.000 107 71 206 178 2 1.000 32 53 115 158 2 1.000 
TRAIN_RGB/n12761284_8819.png 6 167 114 272 246 2 1.000 132 212 268 352 2 1.000 338 205 462 348 2 1.000 461 163 579 284 2 1.000 562 222 661 354 2 1.000 732 267 800 394 2 1.000 
TRAIN_RGB/n12761284_8836.png 5 125 190 159 231 2 1.000 181 129 212 161 2 1.000 201 158 231 195 2 1.000 260 43 293 87 2 1.000 305 70 328 101 2 1.000 
TRAIN_RGB/n12761284_9013.png 6 111 151 151 197 2 1.000 213 164 248 199 2 1.000 231 148 263 176 2 1.000 233 188 264 224 2 1.000 360 46 393 87 2 1.000 401 86 429 112 2 1.000 
TRAIN_RGB/n12761284_9099.png 3 222 164 288 237 2 1.000 266 143 325 222 2 1.000 208 141 271 174 2 1.000 
TRAIN_RGB/n12761284_9138.png 8 53 187 113 257 2 1.000 48 261 90 306 2 1.000 124 136 167 185 2 1.000 107 81 149 136 2 1.000 119 53 169 95 2 1.000 253 126 283 163 2 1.000 386 54 415 84 2 1.000 479 123 500 167 2 1.000 
TRAIN_RGB/n12761284_9245.png 27 185 43 227 81 2 1.000 216 60 259 112 2 1.000 263 169 309 227 2 1.000 227 181 261 222 2 1.000 222 244 269 295 2 1.000 178 245 220 294 2 1.000 138 224 186 272 2 1.000 166 191 210 246 2 1.000 180 174 216 214 2 1.000 149 151 182 195 2 1.000 110 178 150 225 2 1.000 89 157 127 198 2 1.000 61 150 97 191 2 1.000 28 152 65 182 2 1.000 42 187 84 222 2 1.000 55 214 97 251 2 1.000 90 213 121 248 2 1.000 91 240 129 283 2 1.000 76 388 128 443 2 1.000 220 342 266 397 2 1.000 241 373 283 423 2 1.000 266 347 307 406 2 1.000 295 330 339 400 2 1.000 321 283 364 331 2 1.000 302 233 347 287 2 1.000 327 422 370 460 2 1.000 205 312 257 345 2 1.000 
TRAIN_RGB/n12761284_9265.png 8 70 124 100 177 2 1.000 77 182 113 230 2 1.000 98 267 130 317 2 1.000 125 247 151 285 2 1.000 133 295 163 333 2 1.000 155 315 184 348 2 1.000 162 274 190 321 2 1.000 386 248 415 296 2 1.000 
TRAIN_RGB/n12761284_9365.png 1 280 51 343 148 2 1.000 
TRAIN_RGB/n12761284_9449.png 18 49 126 86 156 2 1.000 31 121 60 162 2 1.000 105 79 136 110 2 1.000 89 67 114 103 2 1.000 122 154 154 188 2 1.000 145 152 176 187 2 1.000 277 161 308 193 2 1.000 261 167 285 198 2 1.000 245 175 275 208 2 1.000 162 291 192 323 2 1.000 21 281 53 315 2 1.000 8 296 30 329 2 1.000 195 391 227 422 2 1.000 226 393 254 418 2 1.000 218 416 251 448 2 1.000 307 303 327 338 2 1.000 261 144 297 172 2 1.000 144 45 170 67 2 1.000 
TRAIN_RGB/n12761284_9474.png 9 195 130 243 179 2 1.000 252 182 293 239 2 1.000 204 217 242 258 2 1.000 169 214 205 250 2 1.000 58 133 86 175 2 1.000 214 262 248 298 2 1.000 300 252 339 289 2 1.000 407 216 439 258 2 1.000 341 43 368 70 2 1.000 
TRAIN_RGB/n12761284_9555.png 2 90 72 260 251 2 1.000 424 185 497 331 2 1.000 
TRAIN_RGB/n12761284_9808.png 4 183 90 227 156 2 1.000 234 136 273 201 2 1.000 320 244 367 311 2 1.000 392 237 436 304 2 1.000 
TRAIN_RGB/n12761284_9821.png 15 118 114 166 163 2 1.000 165 100 214 157 2 1.000 259 48 312 100 2 1.000 315 114 358 171 2 1.000 310 173 340 213 2 1.000 251 205 307 259 2 1.000 209 226 250 262 2 1.000 210 257 252 279 2 1.000 312 260 344 301 2 1.000 412 253 454 300 2 1.000 448 219 489 262 2 1.000 446 252 495 289 2 1.000 442 201 487 226 2 1.000 112 79 142 119 2 1.000 424 157 468 199 2 1.000 
TRAIN_RGB/n12761284_9960.png 4 303 97 376 163 2 1.000 286 173 350 239 2 1.000 242 187 295 247 2 1.000 290 225 347 270 2 1.000