TRAIN_RGB/n11706761_1.png 5 142 199 345 474 2 1.000 276 23 462 329 2 1.000 440 81 605 315 2 1.000 12 212 151 448 2 1.000 343 391 513 528 2 1.000 
TRAIN_RGB/n11706761_10230.png 1 84 54 317 444 2 1.000 
TRAIN_RGB/n11706761_11480.png 1 88 190 336 481 2 1.000 
TRAIN_RGB/n11706761_11630.png 2 187 124 306 298 2 1.000 285 113 421 302 2 1.000 
TRAIN_RGB/n11706761_11967.png 2 15 33 195 259 2 1.000 153 119 282 297 2 1.000 
TRAIN_RGB/n11706761_12021.png 2 241 144 294 229 2 1.000 209 157 250 219 2 1.000 
TRAIN_RGB/n11706761_12857.png 3 129 98 250 256 2 1.000 236 67 371 276 2 1.000 6 33 70 188 2 1.000 
TRAIN_RGB/n11706761_13337.png 1 54 335 269 613 2 1.000 
TRAIN_RGB/n11706761_14235.png 2 38 162 195 326 2 1.000 201 321 305 438 2 1.000 
TRAIN_RGB/n11706761_14415.png 3 226 129 279 243 2 1.000 267 92 336 245 2 1.000 271 221 341 267 2 1.000 
TRAIN_RGB/n11706761_1456.png 2 72 145 270 311 2 1.000 256 111 448 298 2 1.000 
TRAIN_RGB/n11706761_14886.png 2 229 98 267 155 2 1.000 266 186 304 242 2 1.000 
TRAIN_RGB/n11706761_15606.png 4 180 331 289 475 2 1.000 81 43 169 136 2 1.000 82 212 143 303 2 1.000 48 271 124 354 2 1.000 
TRAIN_RGB/n11706761_15655.png 2 62 48 179 215 2 1.000 285 226 378 336 2 1.000 
TRAIN_RGB/n11706761_16482.png 1 157 182 227 286 2 1.000 
TRAIN_RGB/n11706761_17640.png 3 304 104 411 272 2 1.000 205 52 257 125 2 1.000 195 114 247 168 2 1.000 
TRAIN_RGB/n11706761_17975.png 1 110 129 261 403 2 1.000 
TRAIN_RGB/n11706761_19353.png 10 221 114 277 184 2 1.000 202 160 243 213 2 1.000 158 249 214 307 2 1.000 280 155 319 198 2 1.000 167 105 220 163 2 1.000 126 91 173 159 2 1.000 363 184 396 219 2 1.000 358 327 393 359 2 1.000 320 327 348 356 2 1.000 398 253 421 281 2 1.000 
TRAIN_RGB/n11706761_19738.png 3 125 97 191 180 2 1.000 81 132 146 213 2 1.000 69 202 131 270 2 1.000 
TRAIN_RGB/n11706761_1982.png 5 490 371 595 528 2 1.000 655 203 766 354 2 1.000 397 240 467 342 2 1.000 76 58 148 166 2 1.000 7 51 83 115 2 1.000 
TRAIN_RGB/n11706761_19832.png 2 107 156 226 307 2 1.000 239 181 364 342 2 1.000 
TRAIN_RGB/n11706761_19983.png 3 23 249 158 447 2 1.000 183 163 266 269 2 1.000 238 79 308 171 2 1.000 
TRAIN_RGB/n11706761_2248.png 7 52 174 168 308 2 1.000 89 57 168 152 2 1.000 232 457 331 597 2 1.000 6 244 43 323 2 1.000 42 123 81 180 2 1.000 149 57 215 154 2 1.000 419 495 467 591 2 1.000 
TRAIN_RGB/n11706761_2761.png 2 81 118 334 425 2 1.000 312 78 543 386 2 1.000 
TRAIN_RGB/n11706761_2920.png 7 219 401 278 466 2 1.000 294 437 358 510 2 1.000 357 358 417 442 2 1.000 208 319 278 395 2 1.000 323 690 378 759 2 1.000 278 738 337 804 2 1.000 322 751 376 814 2 1.000 
TRAIN_RGB/n11706761_3038.png 9 255 132 289 179 2 1.000 248 158 281 202 2 1.000 245 191 274 226 2 1.000 255 220 281 256 2 1.000 231 226 264 271 2 1.000 208 248 241 292 2 1.000 248 319 275 355 2 1.000 265 92 300 142 2 1.000 32 234 85 286 2 1.000 
TRAIN_RGB/n11706761_3088.png 2 570 236 1101 912 2 1.000 1100 102 1574 909 2 1.000 
TRAIN_RGB/n11706761_3942.png 1 355 242 467 383 2 1.000 
TRAIN_RGB/n11706761_4580.png 2 7 102 238 357 2 1.000 210 102 444 356 2 1.000 
TRAIN_RGB/n11706761_5047.png 1 21 42 264 321 2 1.000 
TRAIN_RGB/n11706761_5199.png 2 420 284 517 443 2 1.000 499 260 616 402 2 1.000 
TRAIN_RGB/n11706761_5404.png 3 395 178 513 336 2 1.000 347 372 445 488 2 1.000 215 537 307 627 2 1.000 
TRAIN_RGB/n11706761_5413.png 5 113 214 195 314 2 1.000 236 166 307 270 2 1.000 361 6 435 89 2 1.000 299 115 354 203 2 1.000 270 128 318 211 2 1.000 
TRAIN_RGB/n11706761_6026.png 13 47 151 115 225 2 1.000 38 217 99 291 2 1.000 265 45 328 114 2 1.000 180 101 255 192 2 1.000 139 200 197 267 2 1.000 119 224 179 289 2 1.000 115 264 170 323 2 1.000 103 339 171 416 2 1.000 163 328 240 416 2 1.000 257 316 310 393 2 1.000 231 256 278 319 2 1.000 209 237 240 275 2 1.000 182 419 250 481 2 1.000 
TRAIN_RGB/n11706761_6597.png 1 207 16 395 266 2 1.000 
TRAIN_RGB/n11706761_6715.png 2 31 80 218 348 2 1.000 72 231 277 477 2 1.000 
TRAIN_RGB/n11706761_6856.png 5 135 90 217 208 2 1.000 77 126 145 212 2 1.000 168 243 235 340 2 1.000 117 249 176 355 2 1.000 216 310 267 398 2 1.000 
TRAIN_RGB/n11706761_6937.png 1 208 156 302 323 2 1.000 
TRAIN_RGB/n11706761_7188.png 8 271 50 307 92 2 1.000 344 102 381 148 2 1.000 327 96 358 137 2 1.000 249 116 287 163 2 1.000 230 149 263 191 2 1.000 313 234 348 277 2 1.000 295 262 327 303 2 1.000 226 284 265 331 2 1.000 
TRAIN_RGB/n11706761_8352.png 1 196 381 823 1260 2 1.000 
TRAIN_RGB/n11706761_8638.png 3 17 108 173 318 2 1.000 181 162 283 293 2 1.000 97 30 245 173 2 1.000 
TRAIN_RGB/n11706761_9001.png 1 72 197 191 406 2 1.000 
TRAIN_RGB/n11706761_9724.png 2 52 238 140 349 2 1.000 177 272 239 352 2 1.000