TRAIN_RGB/20151125T1138_pic000080.png 3 535 83 701 249 2 1.000 145 518 208 650 2 1.000 420 688 514 773 2 1.000 
TRAIN_RGB/20151125T1138_pic000139.png 1 505 698 632 866 2 1.000 
TRAIN_RGB/20151125T1138_pic000152.png 1 496 480 632 667 2 1.000 
TRAIN_RGB/20151125T1138_pic000204.png 3 502 92 623 274 2 1.000 363 639 454 715 2 1.000 31 467 119 590 2 1.000 
TRAIN_RGB/20151125T1138_pic000290.png 1 571 395 698 485 2 1.000 
TRAIN_RGB/20151125T1138_pic000346.png 2 554 409 683 570 2 1.000 10 436 155 605 2 1.000 
TRAIN_RGB/20151125T1138_pic000349.png 3 595 80 728 234 2 1.000 22 88 173 266 2 1.000 921 227 1020 350 2 1.000 
TRAIN_RGB/20151125T1138_pic000386.png 1 409 223 566 370 2 1.000 
TRAIN_RGB/20151125T1138_pic000392.png 3 606 465 744 593 2 1.000 735 462 860 572 2 1.000 1172 447 1292 579 2 1.000 
TRAIN_RGB/20151125T1138_pic000415.png 1 786 767 898 899 2 1.000 
TRAIN_RGB/20151125T1138_pic000465.png 1 281 369 382 505 2 1.000 
TRAIN_RGB/20151125T1138_pic000506.png 1 611 525 730 633 2 1.000 
TRAIN_RGB/20151125T1138_pic000533.png 1 608 666 741 766 2 1.000 
TRAIN_RGB/20151125T1138_pic000579.png 1 668 155 814 364 2 1.000 
TRAIN_RGB/20151125T1138_pic000599.png 3 407 675 519 779 2 1.000 1178 154 1290 286 2 1.000 72 869 181 929 2 1.000 
TRAIN_RGB/20151125T1138_pic000674.png 1 318 865 452 930 2 1.000 
TRAIN_RGB/20151125T1138_pic000681.png 1 797 103 935 277 2 1.000 
TRAIN_RGB/20151125T1138_pic000699.png 1 1079 718 1178 837 2 1.000 
TRAIN_RGB/20151125T1138_pic000728.png 1 759 807 915 927 2 1.000 
TRAIN_RGB/20151125T1143_pic000005.png 4 7 251 160 466 2 1.000 229 204 430 327 2 1.000 382 235 487 360 2 1.000 1246 459 1291 601 2 1.000 
TRAIN_RGB/20151125T1143_pic000033.png 3 308 488 482 596 2 1.000 474 396 634 548 2 1.000 1024 300 1170 452 2 1.000 
TRAIN_RGB/20151125T1143_pic000038.png 3 378 447 545 568 2 1.000 540 380 691 537 2 1.000 1098 346 1246 489 2 1.000 
TRAIN_RGB/20151125T1143_pic000041.png 2 478 626 623 778 2 1.000 997 577 1135 720 2 1.000 
TRAIN_RGB/20151125T1143_pic000068.png 3 106 741 252 861 2 1.000 630 784 721 924 2 1.000 658 676 800 800 2 1.000 
TRAIN_RGB/20151125T1143_pic000075.png 3 536 186 672 344 2 1.000 9 254 117 426 2 1.000 1006 173 1150 328 2 1.000 
TRAIN_RGB/20151125T1143_pic000087.png 3 393 516 577 708 2 1.000 1072 476 1216 639 2 1.000 1044 367 1172 522 2 1.000 
TRAIN_RGB/20151125T1143_pic000112.png 3 556 702 722 847 2 1.000 535 829 636 927 2 1.000 7 807 93 924 2 1.000 
TRAIN_RGB/20151125T1143_pic000155.png 2 676 741 777 830 2 1.000 1214 799 1291 927 2 1.000 
TRAIN_RGB/20151125T1143_pic000191.png 2 333 84 434 187 2 1.000 749 436 875 574 2 1.000 
TRAIN_RGB/20151125T1143_pic000219.png 4 329 411 431 511 2 1.000 599 478 680 593 2 1.000 1172 465 1284 618 2 1.000 721 81 842 169 2 1.000 
TRAIN_RGB/20151125T1143_pic000221.png 2 435 207 536 343 2 1.000 700 329 777 425 2 1.000 
TRAIN_RGB/20151125T1143_pic000282.png 2 1153 843 1274 925 2 1.000 1128 730 1268 882 2 1.000 
TRAIN_RGB/20151125T1143_pic000292.png 3 643 186 780 340 2 1.000 634 93 739 232 2 1.000 6 201 155 398 2 1.000 
TRAIN_RGB/20151125T1143_pic000294.png 3 100 226 268 409 2 1.000 726 136 861 290 2 1.000 707 83 815 180 2 1.000 
TRAIN_RGB/20151125T1143_pic000330.png 2 452 738 597 877 2 1.000 975 720 1110 862 2 1.000 
TRAIN_RGB/20151125T1143_pic000354.png 5 542 421 732 621 2 1.000 864 482 986 590 2 1.000 1032 393 1166 505 2 1.000 1094 460 1182 570 2 1.000 1202 400 1291 505 2 1.000 
TRAIN_RGB/20151125T1143_pic000357.png 4 431 838 588 921 2 1.000 729 797 829 890 2 1.000 949 722 1038 828 2 1.000 1055 656 1156 748 2 1.000 
TRAIN_RGB/20151125T1143_pic000379.png 3 186 589 304 687 2 1.000 661 580 789 726 2 1.000 1096 760 1212 865 2 1.000 
TRAIN_RGB/20151125T1143_pic000389.png 3 436 169 632 391 2 1.000 1052 458 1234 612 2 1.000 1096 580 1208 651 2 1.000 
TRAIN_RGB/20151125T1143_pic000397.png 4 347 98 535 319 2 1.000 824 252 947 454 2 1.000 1002 198 1216 356 2 1.000 1074 315 1183 395 2 1.000 
TRAIN_RGB/6011852-3x2-940x627.png 10 89 176 194 295 2 1.000 101 360 211 485 2 1.000 246 285 346 394 2 1.000 247 413 355 539 2 1.000 365 503 477 614 2 1.000 374 391 486 489 2 1.000 574 282 686 404 2 1.000 602 422 717 549 2 1.000 779 356 905 477 2 1.000 783 195 920 329 2 1.000 
TRAIN_RGB/hqdefault.png 2 155 225 221 289 2 1.000 124 199 166 245 2 1.000 
TRAIN_RGB/n07756641_3325.png 3 61 88 128 159 2 1.000 137 71 199 175 2 1.000 9 66 39 117 2 1.000 
TRAIN_RGB/n07756641_4088.png 1 25 18 131 112 2 1.000 
TRAIN_RGB/n07756641_4195.png 4 39 79 117 161 2 1.000 111 69 191 161 2 1.000 125 16 198 87 2 1.000 10 42 78 107 2 1.000 
TRAIN_RGB/n07756641_4484.png 1 32 12 108 91 2 1.000 
TRAIN_RGB/n07756641_7264.png 3 111 98 224 220 2 1.000 14 88 120 147 2 1.000 80 22 191 111 2 1.000 
TRAIN_RGB/n07756641_7567.png 2 81 59 154 145 2 1.000 8 67 90 168 2 1.000 
TRAIN_RGB/photo11.png 4 107 213 236 363 2 1.000 330 339 399 418 2 1.000 420 438 483 497 2 1.000 277 572 357 650 2 1.000 
